1.33
1.50
1.64
1.54
1.47
1.50
1.50
1.52
1.55
1.57
1.58
1.54
1.56
1.55
1.52
1.53
1.50
1.56
1.57
1.64
1.65
1.66
1.63
1.64
1.74
1.74
1.75
1.88
1.88
1.88
1.86
1.84
1.81
1.81
1.79
1.79
1.79
1.77
1.78
1.78
1.78
1.79
1.79
1.79
1.79
1.80
1.78
1.78
1.76
1.76
1.76
1.78
1.77
1.77
1.76
1.76
1.76
1.75
1.75
1.80
1.80
1.80
1.81
1.79
1.78
1.77
1.76
1.79
1.78
1.80
1.80
1.80
1.80
1.85
1.85
1.91
1.90
1.88
1.88
1.89
1.89
1.89
1.89
1.89
1.89
1.89
1.89
1.88
1.87
1.86
1.85
1.86
1.86
1.87
1.88
1.89
1.91
1.90
1.89
1.89
1.90
1.91
1.91
1.90
1.91
1.91
1.91
1.92
1.91
1.91
1.91
1.91
1.93
1.93
1.93
1.93
1.92
1.92
1.91
1.92
1.92
1.92
1.92
1.92
1.92
1.92
1.92
1.95
1.95
1.95
1.95
1.97
1.97
1.99
2.00
2.02
2.02
2.04
2.03
2.03
2.06
2.05
2.08
2.08
2.09
2.09
2.08
2.08
2.08
2.08
2.10
2.12
2.12
2.12
2.12
2.12
2.13
2.13
2.13
2.13
2.13
2.13
2.13
2.12
2.12
2.12
2.11
2.13
2.12
2.12
2.12
2.12
2.12
2.12
2.12
2.11
2.10
2.10
2.10
2.10
2.09
2.09
2.09
2.09
2.09
2.09
2.09
2.10
2.10
2.10
2.10
2.10
2.09
2.09
2.09
2.09
2.09
2.10
2.12
2.12
2.12
2.12
2.11
2.13
2.13
2.14
2.15
2.15
2.15
2.15
2.15
2.15
2.15
2.17
2.18
2.18
2.19
2.18
2.18
2.18
2.20
2.19
2.19
2.21
2.21
2.21
2.24
2.23
2.23
2.22
2.22
2.22
2.22
2.23
2.23
2.22
2.22
2.24
2.24
2.27
2.27
2.27
2.27
2.26
2.26
2.26
2.26
2.26
2.27
2.26
2.25
2.26
2.25
2.25
2.24
2.24
2.24
2.23
2.23
2.23
2.23
2.23
2.23
2.23
2.22
2.23
2.23
2.22
2.22
2.21
2.21
2.21
2.23
2.24
2.25
2.25
2.25
2.24
2.24
2.24
2.23
2.23
2.23
2.23
2.23
2.24
2.25
2.25
2.25
2.26
2.25
2.26
2.26
2.26
2.26
2.27
2.27
2.27
2.27
2.27
2.26
2.26
2.26
2.26
2.26
2.26
2.27
2.28
2.29
2.31
2.30
2.30
2.30
2.30
2.29
2.29
2.30
2.30
2.31
2.30
2.31
2.31
2.31
2.31
2.31
2.31
2.30
2.31
2.30
2.30
2.30
2.29
2.29
2.30
2.30
2.29
2.30
2.29
2.30
2.31
2.31
2.31
2.30
2.31
2.31
2.31
2.31
2.31
2.30
2.30
2.31
2.31
2.31
2.31
2.31
2.32
2.32
2.31
2.31
2.31
2.30
2.30
2.31
2.31
2.30
2.29
2.29
2.30
2.31
2.31
2.31
2.31
2.31
2.31
2.32
2.32
2.33
2.32
2.32
2.32
2.32
2.31
2.32
2.32
2.32
2.32
2.32
2.31
2.31
2.33
2.33
2.33
2.33
2.33
2.32
2.32
2.30
2.30
2.30
2.30
2.30
2.30
2.30
2.30
2.29
2.29
2.29
2.23
2.24
2.22
2.22
2.22
2.23
2.23
2.24
2.25
2.25
2.20
2.20
2.14
2.14
2.14
2.14
2.14
2.14
2.14
2.14
2.13
2.14
2.14
2.14
2.12
2.12
2.12
2.13
2.13
2.13
2.13
2.13
2.12
2.12
2.12
2.12
2.12
2.12
2.09
2.09
2.09
2.03
2.04
2.04
2.04
2.04
2.03
2.03
2.04
2.04
2.04
2.02
2.02
2.02
2.03
2.03
2.03
2.03
1.98
1.98
1.98
1.98
1.98
1.95
1.95
1.95
1.96
1.93
1.93
1.93
1.93
1.93
1.93
1.91
1.91
1.91
1.91
1.91
1.92
1.92
1.93
1.91
1.91
1.91
1.92
1.92
1.93
1.93
1.91
1.92
1.91
1.92
1.92
1.92
1.93
1.94
1.92
1.92
1.92
1.92
1.92
1.89
1.89
1.89
1.89
1.89
1.89
1.89
1.84
1.84
1.84
1.84
1.84
1.85
1.84
1.78
1.78
1.78
1.71
1.71
1.71
1.71
1.71
1.71
1.71
1.71
1.71
1.70
1.70
1.71
1.72
1.72
1.72
1.72
1.72
1.69
1.69
1.69
1.69
1.69
1.70
1.71
1.70
1.71
1.71
1.72
1.72
1.72
1.72
1.73
1.71
1.71
1.71
1.71
1.71
1.71
1.71
1.69
1.69
1.69
1.69
1.69
1.67
1.67
1.68
1.68
1.68
1.68
1.68
1.65
1.65
1.65
1.66
1.66
1.66
1.66
1.64
1.64
1.64
1.64
1.64
1.64
1.64
1.64
1.65
1.66
1.66
1.61
1.61
1.61
1.61
1.61
1.61
1.61
1.61
1.61
1.59
1.59
1.59
1.60
1.60
1.57
1.57
1.57
1.57
1.57
1.57
1.58
1.54
1.54
1.54
1.54
1.54
1.54
1.54
1.54
1.52
1.52
1.52
1.53
1.54
1.51
1.52
1.52
1.52
1.51
1.52
1.52
1.49
1.49
1.49
1.47
1.47
1.48
1.48
1.48
1.48
1.48
1.48
1.48
1.48
1.48
1.48
1.49
1.49
1.49
1.49
1.47
1.47
1.43
1.43
1.43
1.43
1.43
1.43
1.43
1.41
1.41
1.41
1.42
1.42
1.43
1.43
1.43
1.43
1.43
1.43
1.40
1.40
1.40
1.40
1.41
1.41
1.41
1.41
1.41
1.38
1.38
1.38
1.38
1.38
1.35
1.36
1.36
1.36
1.36
1.36
1.36
1.33
1.34
1.34
1.34
1.34
1.31
1.32
1.32
1.32
1.32
1.33
1.33
1.33
1.33
1.32
1.32
1.33
1.33
1.33
1.33
1.33
1.31
1.31
1.32
1.32
1.32
1.30
1.31
1.31
1.31
1.31
1.31
1.31
1.31
1.31
1.31
1.29
1.29
1.29
1.29
1.29
1.29
1.29
1.28
1.29
1.29
1.29
1.29
1.29
1.29
1.29
1.27
1.27
1.23
1.24
1.24
1.24
1.24
1.24
1.24
1.24
1.24
1.23
1.23
1.23
1.23
1.23
1.23
1.22
1.22
1.22
1.23
1.23
1.23
1.23
1.24
1.24
1.23
1.23
1.21
1.21
1.21
1.21
1.22
1.22
1.22
1.22
1.22
1.21
1.22
1.22
1.22
1.20
1.20
1.20
1.20
1.20
1.20
1.20
1.20
1.20
1.21
1.21
1.22
1.19
1.19
1.20
1.20
1.19
1.19
1.20
1.20
1.20
1.18
1.18
1.18
1.18
1.19
1.19
1.17
1.17
1.17
1.17
1.17
1.17
1.13
1.13
1.12
1.12
1.12
1.13
1.13
1.13
1.13
1.13
1.13
1.13
1.13
1.12
1.12
1.12
1.12
1.10
1.10
1.10
1.10
1.10
1.11
1.09
1.09
1.10
1.10
1.10
1.11
1.11
1.11
1.10
1.10
1.10
1.09
1.09
1.09
1.09
1.09
1.06
1.06
1.07
1.07
1.07
1.07
1.07
1.04
1.04
1.05
1.05
1.05
1.05
1.05
1.05
1.02
1.02
1.02
1.02
1.03
1.03
1.02
1.02
1.02
1.02
1.02
1.03
1.03
1.01
1.01
1.01
1.01
1.02
1.02
1.02
1.02
1.02
1.02
1.02
0.99
0.99
0.99
0.99
0.98
0.99
0.99
0.99
0.98
0.98
0.98
0.98
0.98
0.97
0.97
0.97
0.98
0.99
0.99
0.99
0.99
0.98
0.98
0.98
0.96
0.96
0.96
0.97
0.97
0.97
0.97
0.97
0.97
0.97
0.97
0.97
0.95
0.95
0.95
0.95
0.95
0.95
0.95
0.95
0.95
0.94
0.94
0.94
0.94
0.95
0.95
0.93
0.94
0.94
0.94
0.94
0.94
0.94
0.95
0.93
0.93
0.94
0.94
0.94
0.92
0.93
0.93
0.93
0.94
0.94
0.90
0.90
0.91
0.91
0.92
0.92
0.91
0.91
0.91
0.92
0.92
0.91
0.92
0.92
0.92
0.92
0.92
0.92
0.92
0.92
0.92
0.91
0.91
0.92
0.92
0.92
0.92
0.92
0.93
0.93
0.92
0.92
0.92
0.92
0.92
0.92
0.92
0.92
0.91
0.91
0.92
0.92
0.92
0.92
0.92
0.92
0.91
0.91
0.91
0.92
0.92
0.90
0.90
0.90
0.90
0.89
0.89
0.89
0.89
0.89
0.89
0.89
0.89
0.90
0.90
0.90
0.90
0.91
0.91
0.89
0.90
0.90
0.90
0.90
0.90
0.91
0.91
0.91
0.91
0.88
0.89
0.89
0.89
0.89
0.88
0.88
0.88
0.88
0.88
0.88
0.88
0.88
0.88
0.88
0.88
0.88
0.88
0.88
0.89
0.87
0.87
0.87
0.87
0.87
0.88
0.88
0.88
0.88
0.88
0.88
0.88
0.88
0.88
0.86
0.86
0.86
0.86
0.86
0.86
0.85
0.85
0.85
0.85
0.85
0.85
0.86
0.86
0.86
0.86
0.85
0.85
0.85
0.85
0.85
0.85
0.85
0.83
0.83
0.83
0.82
0.83
0.83
0.84
0.84
0.84
0.85
0.85
0.83
0.84
0.84
0.84
0.84
0.83
0.83
0.83
0.84
0.83
0.83
0.83
0.84
0.84
0.84
0.83
0.83
0.83
0.83
0.84
0.84
0.82
0.82
0.82
0.82
0.82
0.83
0.83
0.83
0.83
0.83
0.83
0.84
0.82
0.82
0.83
0.83
0.83
0.83
0.83
0.84
0.83
0.83
0.83
0.83
0.83
0.83
0.83
0.83
0.83
0.84
0.84
0.84
0.84
0.84
0.83
0.83
0.83
0.84
0.84
0.82
0.82
0.83
0.83
0.83
0.83
0.83
0.83
0.83
0.83
0.82
0.83
0.83
0.83
0.83
0.83
0.83
0.83
0.84
0.84
0.84
0.84
0.84
0.85
0.85
0.84
0.84
0.84
0.84
0.84
0.84
0.83
0.83
0.83
0.83
0.83
0.83
0.83
0.84
0.84
0.84
0.84
